01|  0|000000|000100|0|000220|0|000007|0|000042|0|CUADRANTE UNO
01|  1|000000|000170|0|000220|0|000007|0|000043|0|CELULA UNO
01|  1|000001|000183|0|000200|0|000024|0|000026|0|LIJACA
01|  1|000002|000183|0|000200|0|000026|0|000035|0|VERBENAL
01|  1|000003|000183|0|000200|0|000035|0|000043|0|CANAIMA
01|  1|000004|000170|0|000183|0|000036|0|000042|0|LA URIBE
01|  1|000005|000170|0|000183|0|000026|0|000036|0|SAN ANTONIO NORTE
01|  1|000006|000170|0|000183|0|000024|0|000026|0|EL REDIL
01|  2|000000|000153|0|000170|0|000007|0|000042|0|CELULA DOS
01|  2|000007|000161|0|000170|0|000015|0|000024|0|SAN CRISTOBAL NORTE
01|  2|000008|000161|0|000170|0|000024|0|000029|0|BABILONIA
01|  2|000009|000161|0|000170|0|000030|0|000042|0|TOBERIN
01|  2|000010|000153|0|000161|0|000035|0|000042|0|LAS MARGARITAS - CED
01|  2|000011|000153|0|000161|0|000026|0|000035|0|ORQUIDEAS
01|  2|000012|000153|0|000161|0|000022|0|000026|0|VILLAS DEL MEDITERRA
01|  2|000013|000153|0|000161|0|000015|0|000022|0|BARRANCAS
01|  3|000000|000134|0|000153|0|000007|0|000040|0|CELULA TRES
01|  3|000014|000147|0|000153|0|000011|0|000016|0|CEDRO GOLF
01|  3|000015|000147|0|000153|0|000016|0|000026|0|CAPRI
01|  3|000016|000147|0|000153|0|000026|0|000035|0|RINCON DE LAS MARGAR
01|  3|000017|000147|0|000153|0|000035|0|000040|0|EL CEDRO
01|  3|000018|000140|0|000147|0|000030|0|000035|0|AUTOPISTA
01|  3|000019|000140|0|000147|0|000026|0|000030|0|CEDRITOS
01|  3|000020|000140|0|000147|0|000016|0|000020|0|CEDRITOS 1
01|  3|000021|000140|0|000147|0|000011|0|000016|0|BELMIRA
01|  3|000025|000134|0|000140|0|000007|0|000015|0|BELMIRA I SECTOR
01|  3|000026|000134|0|000140|0|000015|0|000020|0|LISBOA
01|  3|000027|000134|0|000140|0|000026|0|000030|0|CONTADOR
01|  3|000028|000134|0|000140|0|000030|0|000035|0|NUEVA AUTOPISTA
01|  3|000029|000130|0|000134|0|000023|0|000030|0|SANTA COLOMA
01|  3|000030|000127|0|000130|0|000023|0|000034|0|CALLEJA BAJA
01|  3|000031|000129|0|000134|0|000020|0|000023|0|CLINICA MONSERRATE
01|  3|000032|000127|0|000129|0|000016|0|000023|0|CALLEJA
01|  3|000033|000127|0|000129|0|000013|0|000015|0|LA CAROLINA
01|  3|000034|000127|0|000129|0|000010|0|000013|0|PRADOS DEL COUNTRY
01|  3|000035|000129|0|000134|0|000010|0|000016|0|RECODO DEL COUNTRY
01|  3|000036|000130|0|000134|0|000007|0|000010|0|GINEBRA
01|  3|000037|000127|0|000130|0|000007|0|000010|0|BELLA SUIZA
01|  4|000000|000127|0|000153|0|000001|0|000007|0|CELULA CUATRO
01|  4|000022|000147|0|000153|0|000001|0|000011|0|BOSQUES DE PINOS
01|  4|000023|000140|0|000147|0|000001|0|000011|0|BOSQUES DEL MARQUEZ
01|  4|000024|000134|0|000140|0|000001|0|000007|0|MONTEARROYO
01|  4|000038|000129|0|000134|0|000001|0|000007|0|BOSQUE DE MEDINA
01|  4|000039|000127|0|000129|0|000001|0|000007|0|DELICIAS DEL CARMEN
01|  5|000000|000100|0|000127|0|000001|0|000007|0|CELULA CINCO
01|  5|000040|000116|0|000127|0|000001|0|000007|0|USAQUEN
01|  5|000051|000108|0|000116|0|000003|0|000007|0|SANTA ANA ORIENTAL
01|  5|000052|000100|0|000106|0|000001|0|000006|0|CANTON NORTE
01|  6|000000|000100|0|000127|0|000007|0|000030|0|CELULA SEIS
01|  6|000041|000116|0|000127|0|000007|0|000010|0|SANTA BARBARA ALTA
01|  6|000042|000116|0|000127|0|000010|0|000011|0|SANTA BARBARA CENTRA
01|  6|000043|000116|0|000127|0|000011|0|000015|0|MULTICENTRO
01|  6|000044|000116|0|000127|0|000015|0|000023|0|SANTA BARBARA OCCIDE
01|  6|000045|000116|0|000127|0|000023|0|000030|0|SANTA BARBARA
01|  6|000046|000110|0|000116|0|000020|0|000024|0|CHICO NAVARRA
01|  6|000047|000111|0|000116|0|000015|0|000020|0|SAN PATRICIO
01|  6|000048|000111|0|000116|0|000011|0|000015|0|SANTA BARBARA
01|  6|000049|000110|0|000116|0|000010|0|000011|0|SANTA ANA
01|  6|000050|000110|0|000116|0|000007|0|000010|0|SANTA ANA OCCIDENTAL
01|  6|000053|000103|0|000109|0|000007|0|000010|0|CHICO MIRANDA
01|  6|000054|000101|0|000103|0|000007|0|000010|0|PEDREGAL
01|  6|000056|000100|0|000111|0|000015|0|000020|0|SAN PATRICIO
01|  6|000057|000100|0|000110|0|000020|0|000023|0|CHICO NAVARRA
01|003|000748|000140|0|000147|0|000021|0|000026|0|CEDRITOS 2
01|004|000746|000134|0|000140|0|000020|0|000026|0|NUEVO COUNTRY
01|005|000730|000108|0|000116|0|000001|1|000003|1|SANTA ANA ORIENTAL 2
01|006|000055|000100|0|000109|0|000012|0|000015|0|SANTA PAULA
01|006|000747|000100|0|000103|0|000011|0|000011|0|CHICO
02|  0|000000|000100|0|000220|0|000044|0|000066|0|CUADRANTE DOS
02|  0|000076|000142|0|000150|0|000066|0|000072|0|CASA BLANCA
02|  1|000000|000170|0|000220|0|000043|0|000072|0|CELULA UNO
02|  1|000058|000190|0|000200|0|000046|0|000066|0|CLUB CAM. RANCHO
02|  1|000059|000184|0|000190|0|000045|0|000055|0|MIRANDELA
02|  1|000060|000184|0|000190|0|000055|0|000066|0|VILANOVA
02|  1|000061|000178|0|000184|0|000055|0|000066|0|VILLA LUCY
02|  1|000062|000177|0|000184|0|000066|0|000072|0|SAN JOSE DE BAVARIA
02|  1|000063|000170|0|000177|0|000066|0|000073|0|GIBRALTAR
02|  1|000064|000170|0|000177|0|000055|0|000066|0|NUEVA VILLA DEL PRAD
02|  1|000065|000177|0|000184|0|000046|0|000055|0|SANTA CATALINA
02|  1|000066|000170|0|000177|0|000045|0|000055|0|VILLA DEL PRADO
02|  2|000000|000138|0|000170|0|000043|0|000066|0|CELULA DOS
02|  2|000067|000165|0|000170|0|000043|0|000049|0|GRANADA NORTE
02|  2|000068|000165|0|000170|0|000051|0|000054|0|BRITALIA NORTE
02|  2|000069|000165|0|000170|0|000055|0|000066|0|PRADOS DE LA SABANA
02|  2|000070|000153|0|000163|0|000051|0|000055|0|CANTALEJO
02|  2|000071|000153|0|000163|0|000056|0|000066|0|GILMAR
02|  2|000072|000144|0|000153|0|000038|0|000046|0|MAZUREN
02|  2|000073|000144|0|000153|0|000047|0|000052|0|RESERVAS DE LA COLIN
02|  2|000074|000144|0|000153|0|000052|0|000056|0|CAMINOS DE SAN LOREN
02|  2|000075|000144|0|000153|0|000056|0|000066|0|LICEO DE LONDRES
02|  2|000077|000138|0|000144|0|000056|0|000066|0|GRATAMIRA REAL
02|  2|000078|000138|0|000144|0|000052|0|000056|0|EXITO DE LA COLINA
02|  2|000079|000138|0|000144|0|000043|0|000052|0|CASIGUA LIBERTADORES
02|  3|000000|000129|0|000138|0|000036|0|000060|0|CELULA TRES
02|  3|000081|000134|0|000138|0|000036|0|000043|0|SPRING
02|  3|000082|000134|0|000138|0|000044|0|000052|0|COLINA CAMPESTRE
02|  3|000083|000134|0|000138|0|000052|0|000056|0|RINCON DE IBERIA
02|  3|000084|000129|0|000134|0|000036|0|000044|0|PRADO NORTE - SULTAN
02|  3|000085|000129|0|000134|0|000047|0|000052|0|IBERIA
02|  3|000086|000129|0|000134|0|000053|0|000056|0|CIUDAD JARDIN NORTE
02|  3|000087|000134|0|000138|0|000056|0|000060|0|GRATAMIRA
02|  3|000088|000129|0|000134|0|000056|0|000060|0|COVADONGA
02|  4|000000|000089|0|000127|0|000129|0|000036|0|CELULA CUATRO
02|  4|000089|000127|0|000129|0|000036|0|000041|0|TIERRA LINDA
02|  4|000090|000127|0|000129|0|000041|0|000047|0|PRADO VERANIEGO
02|  4|000091|000127|0|000129|0|000048|0|000052|0|LAS VILLAS
02|  4|000092|000127|0|000129|0|000053|0|000055|0|CAMPANIA
02|  5|000000|000100|0|000125|0|000033|0|000052|0|CELULA CINCO
02|  5|000094|000116|0|000126|0|000033|0|000035|0|BATAN
02|  5|000095|000122|0|000126|0|000033|0|000035|0|BATAN
02|  5|000096|000122|0|000127|0|000049|0|000052|0|CORDOBA
02|  5|000097|000116|0|000118|0|000049|0|000052|0|LAGOS DE CORDOBA
02|  5|000101|000108|0|000116|0|000029|0|000040|0|ALHAMBRA
02|  5|000102|000100|0|000107|0|000029|0|000037|0|PASADENA
02|  5|000103|000100|0|000107|0|000037|0|000043|0|PUENTE LARGO
02|  5|000104|000107|0|000111|0|000040|0|000043|0|ILARCO
02|  6|000000|000098|0|000125|0|000043|0|000061|0|CELULA SEIS
02|  6|000093|000125|0|000129|0|000055|0|000061|0|CALATRAVA
02|  6|000098|000118|0|000125|0|000053|0|000057|0|NIZA
02|  6|000099|000111|0|000114|0|000053|0|000057|0|SAN NICOLAS
02|  6|000100|000111|0|000114|0|000057|0|000061|0|PONTEVEDRA
02|  6|000105|000103|0|000111|0|000043|0|000054|0|MORATO
02|  6|000106|000097|0|000103|0|000056|0|000061|0|POTOSI
02|  6|000107|000097|0|000103|0|000049|0|000056|0|NUEVO MONTEREY
02|  6|000108|000100|0|000107|0|000043|0|000048|0|TEUSACA
02|  6|000109|000096|0|000105|0|000043|0|000049|0|FLORESTA NTE
02|002|000080|000138|0|000142|0|000037|0|000042|0|PRADO PINZON
02|005|000749|000126|0|000128|0|000062|0|000066|0|CERROS DE SOTILEZA
02|005|000751|000116|0|000121|0|000036|0|000045|0|MALIBU
02|005|000752|000122|0|000126|0|000036|0|000045|0|RECREO D LOS FRAILES
03|  1|000000|000092|0|000100|0|000001|0|000027|0|CELULA UNO
03|  1|000110|000094|0|000099|0|000007|0|000011|0|CHICO RESERVADO
03|  1|000111|000094|0|000099|0|000012|0|000015|0|CHICO NORTE 2
03|  1|000112|000095|0|000100|0|000016|0|000017|0|CHICO NORTE 3
03|  1|000113|000096|0|000100|0|000018|0|000020|0|CHICO
03|  1|000114|000094|0|000100|0|000021|0|000023|0|CHICO NORTE
03|  1|000115|000092|0|000094|0|000015|0|000023|0|CHICO
03|  1|000116|000092|0|000093|0|000011|0|000015|0|CHICO NORTE 1
03|  1|000117|000092|0|000093|0|000007|0|000011|0|CHICO RESERVADO
03|  1|000121|000092|0|000094|0|000003|0|000006|0|CHICO ALTO
03|  2|000000|000085|0|000092|0|000001|0|000023|0|CELULA DOS
03|  2|000118|000085|0|000091|0|000007|0|000010|0|CABRERA
03|  2|000119|000085|0|000091|0|000011|0|000014|0|CABRERA 2
03|  2|000120|000085|0|000092|0|000015|0|000020|0|ANTIGUO COUNTRY
03|  2|000122|000088|0|000092|0|000002|0|000006|0|CHICO ALTO
03|  2|000123|000085|0|000088|0|000002|0|000006|0|REFUGIO
03|  3|000000|000026|0|000100|0|000001|0|000014|0|CUADRANTE TRES
03|  3|000125|000080|0|000084|0|000007|0|000011|0|RETIRO
03|  3|000126|000080|0|000084|0|000012|0|000014|0|RETIRO
03|  3|000127|000072|0|000084|0|000015|0|000018|0|ANTIGUO COUNTRY
03|  3|000129|000076|0|000079|0|000007|0|000011|0|NOGAL
03|  3|000130|000076|0|000079|0|000012|0|000014|0|LAGO
03|  3|000131|000072|0|000075|0|000012|0|000014|0|PORCIUNCULA
03|  3|000132|000072|0|000075|0|000007|0|000011|0|AV CHILE
03|  4|000000|000072|0|000085|0|000007|0|000020|0|CELULA CUATRO
03|  4|000124|000080|0|000084|0|000001|0|000006|0|REFUGIO
03|  4|000128|000076|0|000079|0|000001|0|000006|0|ROSALES
03|  4|000133|000072|0|000075|0|000001|0|000006|0|ROSALES
03|  5|000000|000063|0|000072|0|000007|0|000014|0|CELULA CINCO
03|  5|000135|000068|0|000071|0|000007|0|000011|0|NOGAL
03|  5|000136|000068|0|000071|0|000012|0|000014|0|QUINTA CAMACHO
03|  5|000137|000064|0|000068|0|000012|0|000014|0|CHAPINERO
03|  5|000138|000064|0|000068|0|000007|0|000011|0|CHAPINERO
03|  6|000000|000060|0|000072|0|000001|0|000007|0|CELULA SEIS
03|  6|000134|000068|0|000071|0|000001|0|000006|0|ROSALES
03|  6|000139|000064|0|000067|0|000001|0|000006|0|NUEVA GRANADA
03|  6|000140|000060|0|000063|0|000001|0|000006|0|CHAPINERO ALTO
03|  7|000000|000045|0|000060|0|000001|0|000007|0|CELULA SIETE
03|  7|000143|000053|0|000059|0|000001|0|000006|0|CASTILLO
03|  7|000144|000046|0|000052|0|000001|0|000006|0|PARDO RUBIO
03|  8|000000|000045|0|000063|0|000007|0|000014|0|CELULA OCHO
03|  8|000141|000057|0|000063|0|000007|0|000013|0|CHAPINERO CENTRAL
03|  8|000142|000053|0|000056|0|000007|0|000013|0|CHAPINERO CENTRAL
03|  8|000145|000046|0|000052|0|000007|0|000014|0|MARLY
03|  9|000000|000026|0|000045|0|000007|0|000014|0|CELULA NUEVE
03|  9|000146|000039|0|000045|0|000008|0|000013|0|PALERMO
03|  9|000150|000033|0|000038|0|000007|0|000014|0|TEUSAQUILLO
03|  9|000151|000026|0|000032|0|000010|0|000013|0|CENTRO INTERNACIONAL
03| 10|000000|000026|0|000045|0|000001|0|000007|0|CELULA DIEZ
03| 10|000147|000039|0|000045|0|000001|0|000006|0|JAVERIANA
03| 10|000148|000039|0|000045|0|000001|1|000007|1|PARAISO
03| 10|000149|000035|0|000038|0|000005|0|000007|0|LA MERCED
03| 10|000152|000026|0|000034|0|000005|0|000007|0|LA MACARENA
03| 10|000153|000026|0|000034|0|000001|0|000004|0|PERSEVERANCIA
03|002|000742|000072|0|000079|0|000015|0|000015|0|HEROES
03|006|000731|000076|0|000079|0|000001|1|000002|1|ROSALES 4
03|006|000732|000072|0|000075|0|000001|1|000002|1|ROSALES 5
03|006|000733|000068|0|000071|0|000001|1|000002|1|ROSALES 6
03|006|000734|000064|0|000067|0|000001|1|000002|1|NUEVA GRANADA 2
03|006|000735|000060|0|000063|0|000001|1|000002|1|CHAPINERO ALTO 2
03|007|000736|000053|0|000059|0|000001|1|000004|1|CASTILLO 2
03|007|000737|000046|0|000052|0|000001|1|000005|1|PARDO RUBIO 2
03|010|000738|000026|0|000034|0|000001|1|000002|1|PERSEVERANCIA 2
04|  0|000000|000026|0|000100|0|000014|0|000057|0|CUADRANTE CUATRO
04|  1|000000|000026|0|000045|0|000014|0|000030|0|CELULA UNO
04|  1|000154|000026|0|000032|0|000014|0|000021|0|ARMENIA
04|  1|000155|000026|0|000034|0|000022|0|000027|0|SOLEDAD
04|  1|000156|000032|0|000034|0|000014|0|000028|0|TEUSAQUILLO
04|  1|000157|000034|0|000039|0|000014|0|000022|0|MAGDALENA
04|  1|000158|000034|0|000044|0|000022|0|000028|0|LA SOLEDAD
04|  1|000159|000034|0|000040|0|000026|0|000030|0|LA SOLEDAD
04|  1|000160|000039|0|000044|0|000014|0|000022|0|SANTA TERESITA
04|  2|000000|000045|0|000063|0|000014|0|000030|0|CELULA DOS
04|  2|000161|000050|0|000053|0|000015|0|000024|0|GALERIAS 1
04|  2|000162|000045|0|000052|0|000024|0|000029|0|BELALCAZAR
04|  2|000171|000053|0|000062|0|000024|0|000030|0|CAMPIN
04|  2|000172|000053|0|000057|0|000014|0|000023|0|GALERIAS
04|  2|000173|000058|0|000062|0|000014|0|000024|0|SAN LUIS
04|  3|000000|000026|0|000063|0|000030|0|000057|0|CELULA TRES
04|  3|000163|000026|0|000033|0|000031|0|000037|0|ACEVEDO TEJADA
04|  3|000164|000040|0|000046|0|000038|0|000039|0|RAFAEL NUNEZ
04|  3|000165|000040|0|000052|0|000039|0|000048|0|ESMERALDA
04|  3|000166|000026|0|000040|0|000039|0|000048|0|CAN
04|  3|000167|000046|0|000052|0|000050|0|000057|0|GRECO
04|  3|000168|000053|0|000062|0|000039|0|000048|0|PABLO VI
04|  3|000169|000053|0|000062|0|000037|0|000038|0|NICOLAS DE FEDERMAN
04|  3|000170|000053|0|000062|0|000035|0|000037|0|NUEVO CAMPIN
04|  4|000000|000063|0|000092|0|000014|0|000030|0|CELULA CUATRO
04|  4|000174|000063|0|000067|0|000014|0|000024|0|CONCEPCION
04|  4|000175|000063|0|000067|0|000025|0|000034|0|7 DE AGOSTO
04|  4|000184|000072|0|000080|0|000031|0|000036|0|STA SOFIA
04|  4|000185|000068|0|000071|0|000025|0|000036|0|ALCAZARES
04|  4|000186|000068|0|000071|0|000014|0|000024|0|COLOMBIA
04|  4|000187|000072|0|000078|0|000016|0|000024|0|SAN FELIPE
04|  4|000188|000072|0|000078|0|000024|0|000030|0|JUAN XXIII
04|  4|000189|000079|0|000085|0|000022|0|000024|0|POLO CLUB 1
04|  5|000000|000063|0|000080|0|000030|0|000058|0|CELULA CINCO
04|  5|000176|000063|0|000064|0|000035|0|000036|0|ROSARIO
04|  5|000177|000064|0|000068|0|000036|0|000048|0|MODELO
04|  5|000178|000065|0|000071|0|000048|0|000056|0|J.J. VARGAS
04|  5|000179|000070|0|000072|0|000036|0|000058|0|SAN FERNANDO
04|  5|000180|000072|0|000080|0|000053|0|000056|0|METROPOLIS
04|  5|000181|000072|0|000080|0|000049|0|000052|0|SIMON BOLIVAR
04|  5|000182|000072|0|000080|0|000044|0|000048|0|SIMON BOLIVAR
04|  5|000183|000072|0|000080|0|000037|0|000043|0|12 DE OCTUBRE
04|  6|000000|000080|0|000100|0|000030|0|000057|0|CELULA SEIS
04|  6|000190|000081|0|000086|0|000033|0|000037|0|PATRIA
04|  6|000191|000081|0|000089|0|000047|0|000054|0|ENTRERIOS
04|  6|000192|000090|0|000099|0|000041|0|000048|0|ANDES
04|  6|000193|000088|0|000099|0|000038|0|000040|0|RIONEGRO
04|  6|000194|000095|0|000099|0|000037|0|000038|0|RIONEGRO
04|  6|000195|000090|0|000095|0|000028|0|000037|0|CASTELLANA
04|  6|000196|000095|0|000099|0|000028|0|000037|0|CASTELLANA
04|001|000744|000085|0|000088|0|000022|0|000024|0|POLO CLUB 2
04|001|000745|000081|0|000087|0|000024|0|000032|0|POLO CLUB 3
04|003|000743|000045|0|000049|0|000015|0|000024|0|PALERMO 2
05|  0|000000|000000|0|000000|0|000000|0|000000|0|CUADRANTE CINCO
05|  1|000000|000066|0|000090|0|000058|0|000072|0|CELULA UNO
05|  1|000197|000082|0|000085|0|000048|0|000049|0|GALIAS
05|  1|000198|000081|0|000085|0|000049|0|000070|0|INGRUMA
05|  1|000199|000072|0|000081|0|000057|0|000066|0|FERIAS
05|  1|000200|000072|0|000081|0|000067|0|000072|0|BONANZA
05|  1|000201|000066|0|000071|0|000067|0|000072|0|PALO BLANCO - LAUREL
05|  1|000202|000066|0|000071|0|000057|0|000066|0|BELLAVISTA OCCIDENTA
05|  2|000000|000043|0|000066|0|000057|0|000072|0|CELULA DOS
05|  2|000203|000062|0|000066|0|000057|0|000066|0|ESTRADITA
05|  2|000204|000057|0|000062|0|000057|0|000066|0|BOSQUE POPULAR
05|  2|000205|000060|0|000066|0|000067|0|000072|0|SAN JOAQUIN
05|  2|000206|000056|0|000060|0|000067|0|000072|0|EL PASEO
05|  2|000207|000048|0|000055|0|000066|0|000072|0|NORMANDIA 1 SECTOR
05|  3|000000|000047|0|000066|0|000072|0|000085|0|CELULA TRES
05|  3|000208|000048|0|000053|0|000073|0|000077|0|NORMANDIA II
05|  3|000209|000048|0|000053|0|000077|0|000085|0|SAN IGNACIO
05|  3|000210|000053|0|000057|0|000077|0|000085|0|SANTA CECILIA
05|  3|000211|000053|0|000057|0|000073|0|000077|0|NORMANDIA
05|  3|000212|000058|0|000063|0|000073|0|000078|0|EL ENCANTO
05|  3|000213|000058|0|000063|0|000078|0|000085|0|SAN MARCOS
05|  3|000214|000063|0|000066|0|000078|0|000085|0|SAN MARCOS
05|  3|000257|000053|0|000067|0|000085|0|000086|0|ISABELA
05|  4|000000|000066|0|000080|0|000072|0|000085|0|CELULA CUATRO
05|  4|000215|000063|0|000066|0|000073|0|000085|0|LUJAN
05|  4|000216|000067|0|000072|0|000073|0|000078|0|BOYACA
05|  4|000217|000067|0|000072|0|000078|0|000082|0|SANTA HELENITA
05|  4|000218|000067|0|000072|0|000082|0|000085|0|CLARITA
05|  4|000219|000072|0|000078|0|000082|0|000085|0|SOLEDAD NORTE
05|  4|000220|000072|0|000078|0|000076|0|000081|0|TABORA
05|  4|000221|000072|0|000079|0|000073|0|000076|0|SANTA MARIA DEL LAGO
05|  5|000000|000080|0|000092|0|000072|0|000086|0|CELULA CINCO
05|  5|000222|000081|0|000085|0|000071|0|000073|0|MINUTO DE DIOS
05|  5|000223|000088|0|000094|0|000073|0|000080|0|MORISCO
05|  5|000224|000090|0|000094|0|000080|0|000086|0|SERENA
05|  5|000225|000085|0|000090|0|000081|0|000086|0|PARIS GAITAN
05|  5|000226|000083|0|000085|0|000075|0|000086|0|ESPANOLA
05|  5|000227|000080|0|000083|0|000075|0|000081|0|PALESTINA
05|  5|000228|000080|0|000083|0|000081|0|000086|0|ANDALUCIA
05|  6|000000|000080|0|000092|0|000086|0|000092|0|CELULA SEIS
05|  6|000229|000090|0|000095|0|000086|0|000092|0|MEISSEN NTE
05|  6|000230|000090|0|000095|0|000092|0|000095|0|LUIS CARLOS GALAN
05|  6|000231|000088|0|000090|0|000086|0|000092|0|CEREZOS
05|  6|000232|000086|0|000090|0|000092|0|000095|0|QUIRIGUA
05|  6|000233|000079|0|000086|0|000086|0|000092|0|PRIMAVERA NORTE
05|  6|000234|000079|0|000086|0|000092|0|000095|0|QUIRIGUA CENTRAL
05|  7|000000|000080|0|000096|0|000092|0|000109|0|CELULA SIETE
05|  7|000235|000078|0|000083|0|000096|0|000102|0|BOCHICA II
05|  7|000236|000083|0|000086|0|000096|0|000099|0|BOCHICA
05|  7|000237|000086|0|000087|0|000096|0|000099|0|BACHUE
05|  7|000238|000087|0|000090|0|000095|0|000099|0|BACHUE
05|  7|000239|000090|0|000095|0|000094|0|000099|0|VILLA CRISTINA
05|  7|000240|000087|0|000090|0|000102|0|000104|0|BOLIVIA ORIENTAL
05|  7|000241|000086|0|000087|0|000102|0|000104|0|BOLIVIA
05|  7|000242|000083|0|000086|0|000102|0|000104|0|BOLIVIA
05|  7|000243|000082|0|000083|0|000102|0|000104|0|BOLIVIA
05|  7|000244|000080|0|000082|0|000102|0|000104|0|BOLIVIA
05|  7|000245|000078|0|000080|0|000102|0|000104|0|BOCHICA 3
05|  7|000246|000078|0|000079|0|000104|0|000109|0|BOLIVIA
05|  7|000247|000079|0|000082|0|000104|0|000109|0|BOLIVIA
05|  7|000248|000082|0|000086|0|000104|0|000109|0|BOLIVIA
05|  7|000249|000086|0|000090|0|000104|0|000109|0|BOLIVIA ORIENTAL
05|  8|000000|000080|0|000092|0|000109|0|000119|0|CELULA OCHO
05|  8|000250|000089|0|000094|0|000109|0|000114|0|CIUDADELA COLSUBSIDI
05|  8|000251|000078|0|000089|0|000109|0|000114|0|CIUDADELA COLSUBSIDI
05|  8|000252|000086|0|000094|0|000114|0|000116|0|QUINTAS DE STA BARBA
05|  8|000253|000078|0|000086|0|000114|0|000116|0|CORTIJO
05|  9|000000|000068|0|000080|0|000086|0|000096|0|CELULA NUEVE
05|  9|000254|000072|0|000078|0|000086|0|000091|0|FLORENCIA
05|  9|000255|000068|0|000072|0|000086|0|000091|0|ZARZAMORA
05|  9|000261|000068|0|000072|0|000091|0|000096|0|FLORIDA BLANCA
05| 10|000000|000058|0|000067|0|000085|0|000094|0|CELULA DIEZ
05| 10|000256|000063|0|000067|0|000085|0|000093|0|TORRE CAMPO
05| 10|000258|000048|0|000065|0|000085|0|000093|0|CENTRO ADMINISTRATIV
05| 10|000259|000048|0|000065|0|000093|0|000096|0|ALAMOS INDUSTRIAL
05| 10|000260|000065|0|000067|0|000093|0|000096|0|ALAMOS INDUSTRIAL
05| 11|000000|000072|0|000080|0|000096|0|000119|0|CELULA ONCE
05| 11|000262|000072|0|000078|0|000091|0|000095|0|SANTA ROSITA
05| 11|000263|000074|0|000078|0|000096|0|000101|0|VILLAS DEL MADRIGAL
05| 11|000264|000072|0|000074|0|000096|0|000101|0|ALAMOS NORTE
05| 11|000265|000072|0|000078|0|000102|0|000104|0|GARCES NAVAS ORIENTA
05| 11|000266|000072|0|000078|0|000104|0|000109|0|GARCES NAVAS
05| 11|000267|000072|0|000078|0|000109|0|000111|0|GARCES NAVAS OCCIDEN
05| 11|000268|000075|0|000078|0|000111|0|000116|0|VILLAS DE GRANADA II
05| 11|000269|000072|0|000075|0|000111|0|000116|0|VILLAS DE GRANADA II
05| 12|000000|000061|0|000072|0|000096|0|000119|0|CELULA DOCE
05| 12|000270|000068|0|000072|0|000108|0|000111|0|CENTAUROS DEL DANUBI
05| 12|000271|000070|0|000072|0|000104|0|000108|0|PLAZUELAS DEL VIRREY
05| 12|000272|000071|0|000072|0|000099|0|000104|0|EL TREBOL
05| 12|000273|000070|0|000072|0|000096|0|000099|0|ALAMOS NORTE
05| 12|000274|000066|0|000069|0|000096|0|000099|0|ALAMOS SUR
05| 12|000275|000065|0|000066|0|000096|0|000097|0|ALAMOS INDUSTRIAL
05| 12|000276|000065|0|000070|0|000101|0|000106|0|EL MUELLE
05| 12|000277|000065|0|000069|0|000106|0|000115|0|VILLAS DEL DORADO
05| 12|000278|000065|0|000071|0|000116|0|000122|0|VILLA GLADIS
06|  0|000000|000000|0|000000|0|000000|0|000000|0|CUADRANTE SEIS
06|  1|000000|000140|0|000155|0|000066|0|000092|0|CELULA UNO
06|  1|000279|000155|0|000163|0|000090|0|000093|0|TUNA ALTA
06|  1|000280|000153|0|000155|0|000090|0|000092|0|URBANA
06|  1|000281|000147|0|000153|0|000086|0|000092|0|URBANO
06|  1|000282|000145|0|000147|0|000086|0|000092|0|VALVANERA
06|  1|000283|000140|0|000145|0|000086|0|000092|0|MIRAFLORES
06|  1|000284|000140|0|000142|0|000068|0|000083|0|TERRAZAS SUBA
06|  1|000285|000140|0|000142|0|000066|0|000068|0|CALATAYUD
06|  2|000000|000118|0|000140|0|000085|0|000092|0|CELULA DOS
06|  2|000286|000135|0|000140|0|000066|0|000086|0|ARBOLEDA SUBA
06|  2|000287|000135|0|000140|0|000086|0|000091|0|NOGALES
06|  2|000288|000130|0|000134|0|000085|0|000091|0|CHOZICA
06|  2|000289|000123|0|000130|0|000085|0|000087|0|NARANJOS
06|  2|000290|000127|0|000130|0|000087|0|000091|0|PALMA
06|  2|000291|000123|0|000127|0|000087|0|000091|0|CALAZAN
06|  2|000292|000117|0|000123|0|000079|0|000087|0|JORDAN
06|  2|000293|000118|0|000123|0|000087|0|000091|0|HUNZA
06|  3|000000|000118|0|000139|0|000092|0|000104|0|CELULA TRES
06|  3|000294|000116|0|000125|0|000092|0|000096|0|RINCON
06|  3|000295|000126|0|000131|0|000092|0|000096|0|COSTA RICA
06|  3|000296|000131|0|000140|0|000092|0|000098|0|VILLA ELIZA
06|  3|000308|000131|0|000140|0|000098|0|000102|0|CHUCUA
06|  3|000309|000131|0|000140|0|000102|0|000105|0|COSTA AZUL
06|  3|000310|000126|0|000131|0|000096|0|000103|0|AURES I
06|  3|000311|000116|0|000126|0|000096|0|000107|0|LAGOS DE SUBA
06|  4|000000|000140|0|000158|0|000092|0|000104|0|CELULA CUATRO
06|  4|000297|000141|0|000146|0|000093|0|000099|0|CAMPINA
06|  4|000298|000149|0|000153|0|000093|0|000098|0|PINARES
06|  4|000299|000153|0|000155|0|000093|0|000098|0|CAMPANELA
06|  4|000300|000156|0|000159|0|000093|0|000098|0|SALITRE
06|  4|000301|000153|0|000156|0|000099|0|000103|0|VILLA HERMOSA
06|  4|000302|000150|0|000153|0|000099|0|000103|0|PRADERA SUBA
06|  4|000303|000147|0|000153|0|000103|0|000104|0|TURINGA
06|  4|000304|000146|0|000147|0|000100|0|000104|0|ATARDECERES
06|  4|000305|000140|0|000146|0|000100|0|000104|0|EL POA
06|  4|000306|000139|0|000143|0|000101|0|000105|0|EL POA
06|  4|000307|000140|0|000141|0|000093|0|000101|0|ANTONIO GRANADOS
06|  5|000000|000118|0|000139|0|000104|0|000148|0|CELULA CINCO
06|  5|000312|000126|0|000131|0|000104|0|000110|0|AURES II
06|  5|000313|000131|0|000139|0|000106|0|000112|0|VILLA MARIA
06|  5|000325|000132|0|000139|0|000119|0|000135|0|TOSCANA
06|  5|000326|000133|0|000139|0|000112|0|000119|0|GAITANA
06|  5|000327|000122|0|000133|0|000111|0|000115|0|NVA TIBABUYES
06|  5|000328|000122|0|000133|0|000116|0|000119|0|SIMON BOLIVAR SUBA
06|  5|000329|000128|0|000132|0|000128|0|000135|0|BERLIN
06|  5|000330|000123|0|000139|0|000144|0|000154|0|LISBOA
06|  5|000331|000082|0|000091|0|000135|0|000141|0|SANTA CECILIA
06|  5|000332|000142|0|000146|0|000142|0|000153|0|BILBAO
06|  6|000000|000140|0|000180|0|000104|0|000130|0|CELULA SEIS
06|  6|000314|000139|0|000142|0|000105|0|000115|0|LAS FLORES
06|  6|000315|000142|0|000145|0|000105|0|000112|0|LOMBARDIA
06|  6|000316|000142|0|000145|0|000112|0|000119|0|CIUDADELA CAFAM
06|  6|000317|000145|0|000151|0|000109|0|000113|0|PINOS LOMBARDIA
06|  6|000318|000145|0|000151|0|000113|0|000119|0|LAS FLORES
06|  6|000319|000146|0|000152|0|000119|0|000121|0|COMPARTIR
06|  6|000320|000152|0|000153|0|000109|0|000111|0|PORTAL DE LAS MERCED
06|  6|000321|000153|0|000156|0|000106|0|000109|0|MONARCAS
06|  6|000322|000154|0|000159|0|000102|0|000109|0|BERICE
06|  6|000323|000153|0|000159|0|000112|0|000115|0|LONDRES
06|  6|000324|000139|0|000144|0|000119|0|000136|0|SABANA TIBABUYES
07|  0|000000|000000|0|000000|0|000000|0|000000|0|CUADRANTE SIETE
07|  0|000356|000001|0|000003|0|000027|0|000030|0|SANTA ISABEL
07|  0|000703|000001|1|000003|1|000027|0|000030|0|SANTA ISABEL
07|  1|000000|000019|0|000026|0|000001|0|000014|0|CELULA UNO
07|  1|000333|000019|0|000025|0|000001|0|000003|0|GERMANIA
07|  1|000334|000019|0|000025|0|000003|0|000005|0|BOSQUE IZQUIERDO
07|  1|000335|000013|0|000019|0|000002|0|000005|0|LAS AGUAS
07|  1|000336|000019|0|000025|0|000007|0|000010|0|SAN DIEGO
07|  1|000337|000019|0|000025|0|000010|0|000013|0|SAN DIEGO
07|  1|000338|000019|0|000025|0|000013|0|000014|0|ALAMEDA
07|  1|000346|000013|0|000019|0|000010|0|000014|0|CAPUCHINA
07|  1|000347|000013|0|000019|0|000007|0|000010|0|VERACRUZ
07|  2|000000|000019|0|000026|0|000014|0|000030|0|CELULA DOS
07|  2|000339|000019|0|000025|0|000015|0|000022|0|SANTA FE
07|  2|000340|000022|0|000025|0|000023|0|000026|0|SAMPER MENDOZA
07|  2|000341|000022|0|000025|0|000027|0|000030|0|USATAMA - COLSEGUROS
07|  2|000342|000013|0|000019|0|000027|0|000030|0|PALOQUEMAO
07|  2|000343|000013|0|000019|0|000022|0|000027|0|SABANA
07|  2|000344|000013|0|000019|0|000017|0|000022|0|LISTON
07|  2|000345|000013|0|000019|0|000014|0|000017|0|SAN VICTORINO
07|  3|000000|000001|0|000019|0|000001|0|000014|0|CELULA TRES
07|  3|000348|000007|0|000021|0|000001|0|000006|0|CONCORDIA
07|  3|000349|000007|0|000013|0|000007|0|000010|0|CENTRO
07|  3|000360|000001|0|000006|0|000010|0|000014|0|SAN BERNARDO
07|  3|000361|000001|0|000007|0|000007|0|000010|0|SANTA BARBARA CTRO
07|  3|000362|000001|0|000007|0|000004|0|000007|0|CANDELARIA
07|  3|000363|000001|0|000007|0|000001|0|000003|0|LAS CRUCES
07|  4|000000|000001|0|000019|0|000014|0|000030|0|CELULA CUATRO
07|  4|000351|000006|0|000013|0|000014|0|000018|0|VOTO NACIONAL
07|  4|000352|000006|0|000013|0|000018|0|000024|0|ESTANZUELA
07|  4|000353|000006|0|000013|0|000024|0|000027|0|PEPITA
07|  4|000354|000006|0|000013|0|000027|0|000030|0|RICAURTE
07|  4|000355|000003|0|000006|0|000024|0|000030|0|VERAGUAS
07|  4|000357|000001|0|000003|0|000024|0|000027|0|VERGEL
07|  4|000358|000001|0|000003|0|000014|0|000024|0|EDUARDO SANTOS
07|  4|000359|000003|0|000006|0|000015|0|000024|0|PROGRESO
07|  5|000000|000000|0|000000|0|000000|0|000000|0|CELULA CINCO
07|  5|000364|000001|1|000011|1|000002|0|000007|0|VILLA JAVIER
07|  5|000365|000001|1|000007|1|000007|0|000010|0|CALVO SUR
07|  5|000366|000007|1|000010|1|000007|0|000010|0|NARINO SUR
07|  5|000367|000003|1|000011|1|000010|0|000014|0|POLICARPA
07|  5|000368|000001|1|000012|1|000014|0|000022|0|SAN ANTONIO
07|  5|000369|000001|1|000013|1|000022|0|000027|0|FRAGUITA
07|  5|000370|000003|1|000022|1|000027|0|000030|0|FRAGUA
07|  5|000371|000012|1|000022|1|000022|0|000027|0|RESTREPO
07|  5|000372|000012|1|000022|1|000014|0|000022|0|RESTREPO
07|  5|000373|000017|1|000022|1|000010|0|000014|0|CIUDAD JARDIN
07|  5|000374|000012|1|000017|1|000010|0|000014|0|CIUDAD BERNA
07|  5|000375|000012|1|000020|1|000007|0|000010|0|QUINTA RAMOS
07|  5|000376|000012|1|000020|1|000001|0|000006|0|VELODROMO
07|003|000739|000007|0|000016|0|000001|1|000003|1|CONCORDIA 2
07|005|000750|000020|0|000021|0|000023|0|000030|0|PALOQUEMAO
08|  0|000000|000000|0|000000|0|000000|0|000000|0|CUADRANTE OCHO
08|  1|000000|000013|0|000026|0|000050|0|000068|0|CELULA UNO
08|  1|000377|000022|0|000026|0|000061|0|000068|0|INDUSTRIAL
08|  1|000378|000022|0|000023|0|000051|0|000065|0|CIUDAD SALITRE
08|  1|000384|000020|0|000022|0|000050|0|000060|0|CIUDAD SALITRE
08|  1|000385|000021|0|000022|0|000061|0|000068|0|CIUDAD SALITRE
08|  1|000386|000013|0|000020|0|000061|0|000068|0|INDUSTRIAL
08|  1|000387|000013|0|000020|0|000056|0|000061|0|PUENTE ARANDA
08|  1|000388|000013|0|000020|0|000050|0|000056|0|ZONA INDUSTRIAL
08|  2|000000|000019|0|000026|0|000030|0|000050|0|CELULA DOS
08|  2|000379|000022|0|000024|0|000041|0|000050|0|QUINTA PAREDES
08|  2|000380|000022|0|000025|0|000036|0|000042|0|RECUERDO
08|  2|000381|000022|0|000026|0|000031|0|000035|0|GRAN AMERICA
08|  2|000382|000022|0|000022|0|000039|0|000041|0|CENTRO NARINO
08|  2|000383|000023|0|000023|0|000051|0|000065|0|INDUSTRIAL
08|  2|000389|000016|0|000021|0|000047|0|000049|0|BATALLON CALDAS
08|  2|000390|000018|0|000021|0|000041|0|000046|0|GORGONZOLA
08|  2|000391|000020|0|000021|0|000038|0|000039|0|GORGONZOLA
08|  2|000392|000020|0|000022|0|000031|0|000032|0|CUNDINAMARCA
08|  2|000393|000014|0|000022|0|000032|0|000038|0|CUNDINAMARCA
08|  2|000394|000014|0|000018|0|000039|0|000046|0|INDUSTRIAL
08|  2|000395|000014|0|000018|0|000031|0|000038|0|PENSILVANIA
08|  3|000000|000001|0|000019|0|000030|0|000050|0|CELULA TRES
08|  3|000396|000008|0|000013|0|000039|0|000049|0|GORGONZOLA
08|  3|000397|000006|0|000012|0|000036|0|000040|0|LOS EJIDOS
08|  3|000398|000007|0|000012|0|000031|0|000035|0|INDUSTRIA PENSILVANI
08|  3|000399|000005|0|000010|0|000043|0|000048|0|LA FRANCIA
08|  3|000404|000004|0|000009|0|000050|0|000054|0|SAN RAFAEL
08|  3|000405|000001|0|000003|0|000049|0|000067|0|GALAN
08|  3|000408|000003|0|000007|0|000039|0|000049|0|PRIMAVERA OCCIDENTAL
08|  3|000409|000003|0|000006|0|000036|0|000039|0|TIBANA
08|  3|000410|000004|0|000006|0|000030|0|000036|0|COMUNEROS
08|  4|000000|000001|0|000013|0|000050|0|000068|0|CELULA CUATRO
08|  4|000400|000009|0|000010|0|000047|0|000055|0|SAN RAFAEL
08|  4|000401|000005|0|000010|0|000056|0|000059|0|SAN GABRIEL
08|  4|000402|000003|0|000010|0|000060|0|000068|0|PRADERA
08|  4|000403|000003|0|000009|0|000047|0|000059|0|COLON
08|  4|000414|000001|0|000004|0|000044|0|000046|0|PONDEROSA
08|  4|000427|000010|0|000013|0|000049|0|000060|0|PUENTE ARANDA
08|  4|000428|000010|0|000013|0|000060|0|000064|0|PUENTE ARANDA
08|  4|000429|000010|0|000013|0|000064|0|000068|0|SALAZAR GOMEZ
08|  5|000406|000007|1|000025|1|000051|0|000067|0|MILENTA
08|  5|000407|000001|1|000009|1|000047|0|000048|0|CAMELIA
08|  5|000411|000001|1|000008|1|000030|0|000034|0|BOCHICA CENTRAL
08|  5|000412|000001|1|000008|1|000035|0|000045|0|JORGE CORTES
08|  5|000413|000001|1|000018|1|000041|0|000046|0|CIUDAD MONTES
08|  5|000415|000009|1|000012|1|000032|0|000047|0|REMANSO
08|  5|000416|000016|1|000026|1|000034|0|000048|0|REMANSO
08|  5|000417|000017|1|000025|1|000045|0|000050|0|TORREMOLINOS
08|  5|000418|000027|1|000037|1|000049|0|000067|0|TEJAR
08|  5|000419|000026|1|000037|1|000047|0|000049|0|ALCALA
08|  5|000420|000038|1|000044|1|000046|0|000051|0|OSPINA PEREZ
08|  5|000421|000035|1|000043|1|000040|0|000045|0|VILLA SONIA
08|  5|000422|000026|1|000037|1|000043|0|000044|0|VILLA SONIA
08|  5|000423|000026|1|000031|1|000039|0|000042|0|GUACA
08|  5|000424|000032|1|000037|1|000039|0|000045|0|SANTA RITA
08|  5|000425|000030|1|000039|1|000034|0|000038|0|MUZU
08|  5|000426|000027|1|000030|1|000034|0|000039|0|LOS SAUCES
08|003|000711|000001|0|000003|0|000030|0|000035|0|ASUNCION
08|003|000712|000001|0|000003|0|000035|0|000042|0|CORKIDI
08|003|000713|000001|0|000003|0|000042|0|000047|0|JAZMIN
09|  0|000000|000000|0|000000|0|000000|0|000000|0|CUADRANTE NUEVE
09|  1|000000|000013|0|000044|0|000068|0|000072|0|CELULA UNO
09|  1|000430|000013|0|000021|0|000068|0|000069|0|ZONA INDUSTRIAL GRAN
09|  1|000431|000022|0|000040|0|000068|0|000069|0|C. SALITRE
09|  1|000432|000040|0|000044|0|000068|0|000069|0|SALITRE OCCIDENTAL
09|  1|000433|000040|0|000044|0|000069|0|000070|0|SAUZALITO
09|  1|000434|000039|0|000040|0|000069|0|000070|0|SALITRE
09|  1|000435|000021|0|000024|0|000069|0|000072|0|INDUSTRIAL MONTEVIDE
09|  1|000436|000013|0|000021|0|000069|0|000072|0|MONTEVIDEO
09|  1|000437|000032|0|000039|0|000070|0|000072|0|ESPERANZA
09|  1|000438|000039|0|000044|0|000070|0|000072|0|ESPERANZA
09|  2|000000|000013|0|000045|0|000072|0|000082|0|CELULA DOS
09|  2|000439|000039|0|000045|0|000072|0|000077|0|TARRAGONA
09|  2|000440|000032|0|000039|0|000072|0|000077|0|RINCON MODELIA
09|  2|000441|000039|0|000045|0|000077|0|000080|0|MODELIA
09|  2|000442|000039|0|000045|0|000080|0|000086|0|BOSQUES DE MODELIA
09|  2|000443|000032|0|000039|0|000077|0|000086|0|MAYORCA
09|  2|000444|000014|0|000022|0|000074|0|000086|0|HAYUELOS
09|  3|000000|000022|0|000048|0|000082|0|000100|0|CELULA TRES
09|  3|000445|000013|0|000035|0|000086|0|000092|0|CAPELLANIA
09|  3|000446|000035|0|000039|0|000086|0|000088|0|FERROCAJA
09|  3|000447|000039|0|000048|0|000086|0|000094|0|PUERTA DE TEJA - FON
09|  3|000448|000039|0|000048|0|000094|0|000100|0|SAN JOSE
09|  3|000449|000032|0|000039|0|000093|0|000100|0|FERROCAJA
09|  3|000450|000022|0|000031|0|000092|0|000100|0|VILLEMAR
09|  3|000451|000016|0|000022|0|000092|0|000100|0|GUADUAL
09|  4|000000|000013|0|000038|0|000100|0|000120|0|CELULA CUATRO
09|  4|000452|000016|0|000022|0|000100|0|000107|0|EL CARMEN
09|  4|000453|000022|0|000031|0|000100|0|000106|0|FONTIBON CENTRO
09|  4|000454|000032|0|000039|0|000100|0|000107|0|CABAN~A
09|  4|000455|000039|0|000048|0|000100|0|000103|0|SAN JOSE
09|  4|000456|000031|0|000039|0|000107|0|000111|0|VERSALLES
09|  4|000457|000022|0|000031|0|000107|0|000111|0|SATURNO
09|  4|000458|000016|0|000022|0|000100|0|000114|0|MONTECARLO
09|  4|000459|000022|0|000031|0|000111|0|000116|0|BELEN
09|  4|000460|000031|0|000039|0|000111|0|000116|0|ATAHUALPA
09|  4|000461|000031|0|000039|0|000116|0|000120|0|REFUGIO
09|  4|000462|000022|0|000030|0|000116|0|000124|0|SAN PABLO
09|  4|000463|000027|0|000039|0|000120|0|000137|0|RISAS DE ALDEA
09|  4|000464|000022|0|000027|0|000124|0|000137|0|PUENTE GRANDE
09|  4|000465|000016|0|000022|0|000123|0|000128|0|PUEBLO VIEJO
09|  4|000466|000019|0|000022|0|000128|0|000137|0|CASANDRA
10|  0|000000|000000|0|000000|0|000000|0|000000|0|CUADRANTE DIEZ
10|  1|000000|000007|0|000013|0|000058|0|000066|0|CELULA UNO
10|  1|000467|000011|0|000013|0|000068|0|000069|0|ZONA INDUSTRIAL
10|  1|000468|000007|0|000011|0|000068|0|000068|0|EXITO AMERICAS
10|  1|000469|000011|0|000012|0|000069|0|000070|0|ZONA INDUSTRIAL
10|  1|000470|000008|0|000011|0|000069|0|000069|0|FERROL
10|  1|000471|000009|0|000011|0|000069|0|000070|0|PINOS DE MARSELLA
10|  1|000472|000007|0|000008|0|000069|0|000070|0|MARSELLA
10|  1|000473|000012|0|000014|0|000071|0|000078|0|SAN JOSE BAVARIA
10|  1|000474|000008|0|000012|0|000070|0|000072|0|FABRICA BAVARIA
10|  1|000475|000007|0|000007|0|000071|0|000072|0|ALOHA
10|  2|000000|000001|0|000007|0|000052|0|000066|0|CELULA DOS
10|  2|000476|000004|0|000006|0|000068|0|000068|0|ZONA INDUSTRIAL
10|  2|000477|000005|0|000006|0|000069|0|000070|0|NUEVA MARSELLA
10|  2|000478|000005|0|000006|0|000070|0|000071|0|NUEVA MARSELLA
10|  2|000479|000005|0|000006|0|000071|0|000072|0|LAS AMERICAS
10|  2|000480|000001|0|000004|0|000068|0|000069|0|HIPOTECHO
10|  2|000481|000002|0|000005|0|000068|0|000070|0|IGUALDAD
10|  2|000482|000001|0|000005|0|000071|0|000072|0|HIPOTECHO
10|  2|000483|000001|1|000021|1|000070|0|000072|0|PARQUE MUNDO AVENTUR
10|  2|000484|000021|1|000030|1|000070|0|000072|0|PLAZA AMERICAS
10|  3|000000|000001|1|000045|1|000052|0|000066|0|CELULA TRES
10|  3|000485|000022|1|000030|1|000063|0|000064|0|VILLA CLAUDIA
10|  3|000486|000020|1|000024|1|000068|0|000069|0|VILLA CLAUDIA
10|  3|000487|000024|1|000030|1|000069|0|000070|0|FUNDADORES
10|  3|000488|000024|1|000030|1|000068|0|000069|0|VILLA ADRIANA
10|  3|000489|000032|1|000036|1|000062|0|000066|0|CARVAJAL
10|  3|000490|000031|1|000037|1|000058|0|000062|0|CARVAJAL OSORIO
10|  3|000491|000031|1|000036|1|000054|0|000058|0|FLORALIA
10|  3|000492|000029|1|000037|1|000051|0|000054|0|ALQUERIA FRAGUA
10|  3|000493|000037|1|000040|1|000058|0|000062|0|NUEVA YORK
10|  3|000494|000037|1|000039|1|000052|0|000056|0|SALVADOR ALLENDE
10|  3|000495|000039|1|000042|1|000052|0|000058|0|TALAVERA
10|  3|000496|000043|1|000045|1|000052|0|000058|0|DELICIAS
11|  0|000000|000000|0|000000|0|000000|0|000000|0|CUADRANTE ONCE
11|  1|000000|000001|0|000013|0|000072|0|000082|0|CELULA UNO
11|  1|000497|000012|0|000016|0|000075|0|000078|0|VISION COLOMBIA
11|  1|000498|000010|0|000012|0|000072|0|000077|0|VILLA ALSACIA
11|  1|000499|000008|0|000012|0|000072|0|000077|0|BAVARIA
11|  1|000500|000007|0|000008|0|000072|0|000077|0|LAS DOS AVENIDAS
11|  1|000501|000006|0|000006|0|000072|0|000073|0|PORTAL DE LAS AMERIC
11|  1|000502|000006|0|000006|0|000074|0|000076|0|RINCON DE LOS ANGELE
11|  1|000503|000007|0|000008|0|000077|0|000084|0|EL CONDADO CASTILLA
11|  1|000504|000008|0|000009|0|000077|0|000084|0|CASTILLA
11|  1|000505|000011|0|000013|0|000080|0|000085|0|SANTA CATALINA
11|  1|000506|000013|0|000016|0|000080|0|000085|0|ANDALUCIA
11|  1|000507|000008|0|000010|0|000084|0|000092|0|VALLADOLID
11|  1|000508|000006|0|000008|0|000086|0|000090|0|MONTERREY - EL CASTI
11|  1|000509|000006|0|000008|0|000076|0|000086|0|CATANIA
11|  2|000000|000001|1|000043|1|000086|0|000120|0|CELULA DOS
11|  2|000510|000014|1|000022|1|000087|0|000095|0|MARIA PAZ
11|  2|000511|000022|1|000038|1|000087|0|000095|0|PLAZA DE LAS FLORES
11|  2|000513|000020|1|000038|1|000095|0|000102|0|PATIO BONITO
11|  2|000514|000038|1|000040|1|000095|0|000102|0|ROSARIO
11|  2|000515|000040|1|000042|1|000095|0|000102|0|DINDALITO
11|  2|000516|000042|1|000043|1|000095|0|000102|0|TINTALITO
11|  2|000517|000038|1|000040|1|000102|0|000107|0|PARAISO
11|  2|000518|000041|1|000043|1|000102|0|000107|0|DINDALITO
11|  2|000519|000038|1|000041|1|000108|0|000120|0|ALMENDROS
11|  2|000520|000041|1|000043|1|000108|0|000120|0|JAZMIN - ACACIAS
11|002|000512|000013|1|000020|1|000095|0|000102|0|TAYRONA
12|  1|000521|000005|0|000005|0|000074|0|000076|0|MANDALAY 1
12|  1|000522|000001|0|000005|0|000072|0|000073|0|MANDALAY 2
12|  1|000523|000001|1|000015|1|000075|0|000078|0|BANDERAS
12|  1|000524|000015|1|000033|1|000080|0|000086|0|BANDERAS OCCIDENTAL
12|  1|000525|000015|1|000033|1|000075|0|000080|0|TECHO
12|  1|000526|000015|1|000033|1|000073|0|000075|0|AMERICAS OCCIDENTAL
12|  1|000527|000015|1|000033|1|000072|0|000073|0|CERVANTES
12|  1|000528|000033|1|000036|1|000082|0|000086|0|FRANCISCO JOSE DE CA
12|  1|000529|000033|1|000036|1|000080|0|000082|0|FCO JOSE DE CALDAS
12|  1|000530|000036|1|000038|1|000082|0|000086|0|KENNEDY
12|  1|000531|000036|1|000038|1|000080|0|000082|0|KENNEDY NORTE
12|  1|000532|000038|1|000041|1|000080|0|000086|0|KENNEDY OCCIDENTAL
12|  1|000533|000041|1|000043|1|000082|0|000086|0|KENNEDY OCCIDENTAL
12|  1|000534|000041|1|000043|1|000079|0|000082|0|KENNEDY SUR
12|  1|000535|000040|1|000041|1|000074|0|000075|0|KENNEDY
12|  1|000536|000033|1|000040|1|000076|0|000080|0|KENNEDY CENTRAL
12|  1|000537|000033|1|000036|1|000074|0|000076|0|KENNEDY ORIENTAL
12|  1|000538|000035|1|000036|1|000072|0|000074|0|KENNEDY
12|  1|000539|000033|1|000035|1|000072|0|000074|0|KENNEDY
12|  1|000540|000033|1|000035|1|000069|0|000072|0|KENNEDY
12|  2|000000|000001|1|000033|1|000066|0|000086|0|CELULA DOS
12|  2|000541|000034|1|000037|1|000065|0|000069|0|CARVAJAL
12|  2|000542|000034|1|000037|1|000069|0|000072|0|CARVAJAL
12|  2|000543|000036|1|000042|1|000072|0|000079|0|TIMIZA
12|  2|000544|000037|1|000038|1|000070|0|000072|0|PROVIDENCIA OCCIDENT
12|  2|000545|000038|1|000040|1|000070|0|000072|0|OIKOS
12|  2|000546|000040|1|000042|1|000070|0|000072|0|LUCERNA
12|  2|000547|000037|1|000040|1|000065|0|000069|0|ASTURIAS
12|  2|000548|000040|1|000042|1|000063|0|000070|0|CARIMAGUA
12|  2|000549|000040|1|000042|1|000060|0|000063|0|ARGELIA
12|  2|000550|000041|1|000042|1|000075|0|000079|0|HOSPITAL DE KENNEDY
12|  2|000551|000042|1|000049|1|000068|0|000072|0|CANAVERAL
12|  2|000552|000044|1|000046|1|000068|0|000072|0|TIMIZA
12|  2|000553|000040|1|000048|1|000074|0|000075|0|TIMIZA
12|  2|000554|000042|1|000043|1|000075|0|000079|0|PALENQUE
12|  2|000555|000044|1|000046|1|000074|0|000075|0|LAGO TIMIZA
12|  2|000556|000048|1|000044|1|000073|0|000074|0|LA PAZ
12|  2|000557|000042|1|000043|1|000060|0|000063|0|LA CHUCUA
12|  2|000558|000043|1|000044|1|000061|0|000063|0|CAMPIN~A
12|  2|000559|000044|1|000045|1|000061|0|000063|0|NUEVA DELICIAS
12|  2|000560|000043|1|000044|1|000063|0|000065|0|SAN ANDRES
12|  2|000561|000047|1|000049|1|000063|0|000064|0|TUNDAMA
12|  2|000562|000047|1|000048|1|000064|0|000066|0|BOITA
12|  2|000563|000054|1|000057|1|000064|0|000070|0|VILLA DEL RIO
12|  2|000564|000057|1|000060|1|000064|0|000070|0|VILLA DEL RIO
12|  2|000565|000058|1|000060|1|000063|0|000069|0|GUADALUPE
12|  3|000000|000045|1|000058|1|000076|0|000086|0|CELULA TRES
12|  3|000566|000057|1|000060|1|000072|0|000074|0|PERDOMO
12|  3|000567|000054|1|000057|1|000072|0|000075|0|OLARTE
12|  3|000568|000054|1|000056|1|000075|0|000078|0|NUEVO CHILE
12|  3|000569|000045|1|000048|1|000076|0|000077|0|NUEVA DELICIAS
12|  3|000570|000047|1|000052|1|000077|0|000080|0|JACKELINE KENNEDY
12|  3|000571|000047|1|000052|1|000080|0|000081|0|CATALINA II SECTOR
12|  3|000572|000047|1|000052|1|000081|0|000083|0|NUEVA ROMA
12|  3|000573|000055|1|000057|1|000081|0|000083|0|VILLA DE LOS SAUCES
12|  3|000574|000058|1|000059|1|000081|0|000086|0|JOSE ANTONIO GALAN
12|  3|000575|000052|1|000057|1|000083|0|000086|0|RUBY
12|  3|000576|000055|1|000058|1|000083|0|000086|0|PORVENIR
12|  3|000577|000053|1|000055|1|000083|0|000086|0|ROMA
12|  3|000578|000053|1|000054|1|000080|0|000083|0|SOCORRO
12|  3|000579|000045|1|000053|1|000079|0|000080|0|CATALINA I SECTOR
12|  3|000580|000044|1|000045|1|000079|0|000080|0|TOCAREMA
12|  4|000000|000043|1|000049|1|000079|0|000094|0|CELULA CUATRO
12|  4|000581|000043|1|000051|1|000079|0|000082|0|GIRALDILLA
12|  4|000582|000043|1|000047|1|000082|0|000086|0|PASTRANA
12|  4|000583|000048|1|000052|1|000082|0|000086|0|CASA BLANCA
12|  4|000584|000052|1|000055|1|000079|0|000086|0|MANUEL MEJIA
12|  4|000585|000052|1|000057|1|000080|0|000090|0|CLASS
12|  4|000586|000056|1|000057|1|000090|0|000096|0|VEGAS SANTA ANA
12|  4|000587|000052|1|000056|1|000090|0|000096|0|VILLA SARSAMORA
12|  4|000588|000049|1|000052|1|000093|0|000096|0|CARMELO
12|  4|000589|000049|1|000052|1|000089|0|000093|0|ALFONSO LOPEZ
12|  4|000590|000049|1|000052|1|000086|0|000088|0|PASTRANITA
12|  4|000591|000045|1|000049|1|000086|0|000089|0|NUEVA BRITALIA
12|  4|000592|000045|1|000049|1|000089|0|000094|0|BRITALIA
12|  5|000000|000038|1|000045|1|000086|0|000095|0|CELULA CINCO
12|  5|000593|000042|1|000044|1|000092|0|000096|0|AMPARO KENNEDY
12|  5|000594|000042|1|000044|1|000087|0|000092|0|VILLA NELLY
12|  5|000595|000041|1|000042|1|000086|0|000092|0|OLIVO
12|  5|000596|000041|1|000042|1|000092|0|000096|0|CONCORDIA
12|  5|000597|000039|1|000040|1|000086|0|000092|0|CORABASTOS
13|  0|000000|000000|0|000000|0|000000|0|000000|0|CUADRANTE TRECE
13|  1|000000|000044|1|000064|1|000014|0|000046|0|CELULA UNO
13|  1|000598|000056|1|000060|1|000073|0|000076|0|ESTANCIA
13|  1|000599|000056|1|000064|1|000078|0|000082|0|GALICIA
13|  1|000600|000062|1|000068|1|000072|0|000076|0|PERDOMO
13|  1|000601|000056|1|000068|1|000070|0|000072|0|BALMORAL
13|  1|000602|000071|1|000073|1|000044|0|000050|0|JERUSALEN
13|  1|000603|000068|1|000070|1|000046|0|000049|0|CANDELARIA
13|  1|000604|000066|1|000069|1|000056|0|000068|0|ARBOLIZADORA ALTA
13|  1|000605|000062|1|000066|1|000025|0|000042|0|CANDELARIA LA NUEVA
13|  1|000606|000074|1|000077|1|000063|0|000066|0|CORUN~A
13|  1|000607|000059|1|000059|1|000039|0|000045|0|ARBOLIZADORA BAJA
13|  1|000608|000062|1|000064|1|000022|0|000023|0|CANDELARIA
13|  1|000609|000061|1|000069|1|000019|0|000023|0|SAN FRANCISCO
13|  1|000610|000062|1|000068|1|000019|0|000020|0|LA ACACIA
13|  1|000611|000056|1|000062|1|000065|0|000070|0|MADELENA
13|  1|000612|000062|1|000068|1|000062|0|000064|0|ISLA DEL SOL
13|  1|000613|000049|1|000053|1|000056|0|000060|0|NUEVO MUZU
13|  1|000614|000044|1|000052|1|000054|0|000054|0|VENECIA
13|  1|000615|000052|1|000056|1|000030|0|000038|0|FATIMA
13|  1|000616|000052|1|000056|1|000025|0|000030|0|SAN VICENTE
13|  1|000617|000046|1|000056|1|000024|0|000025|0|TUNAL
13|  1|000618|000055|1|000059|1|000016|0|000020|0|SAN BENITO
13|  1|000619|000048|1|000055|1|000016|0|000020|0|SAN CARLOS
13|  1|000620|000046|1|000048|1|000018|0|000024|0|TUNAL
13|  1|000621|000047|1|000052|1|000025|0|000033|0|CARMEN
13|  1|000622|000049|1|000052|1|000033|0|000038|0|FATIMA
13|  1|000623|000044|1|000052|1|000051|0|000053|0|VENECIA
13|  1|000624|000044|1|000050|1|000049|0|000051|0|VENECIA
13|  1|000625|000044|1|000047|1|000025|0|000032|0|CLARET
13|  1|000626|000044|1|000046|1|000018|0|000025|0|SANTA LUCIA
13|  2|000000|000044|1|000036|1|000014|0|000044|0|CELULA DOS
13|  2|000627|000036|1|000044|1|000018|0|000024|0|QUIROGA
13|  2|000628|000039|1|000044|1|000024|0|000027|0|INGLES
13|  2|000629|000039|1|000044|1|000027|0|000033|0|INGLES
13|  2|000630|000039|1|000039|1|000033|0|000040|0|NUEVA VILLA MAYOR
13|  3|000000|000022|1|000036|1|000014|0|000037|0|CELULA TRES
13|  3|000631|000035|1|000039|1|000024|0|000032|0|BRAVO PAEZ
13|  3|000632|000030|1|000038|1|000033|0|000035|0|ANTIGUA VILLA MAYOR
13|  3|000633|000030|1|000035|1|000030|0|000032|0|EDUARDO FREY
13|  3|000634|000030|1|000035|1|000024|0|000031|0|MURILLO TORO
13|  3|000635|000030|1|000036|1|000018|0|000024|0|QUIROGA
13|  3|000636|000027|1|000031|1|000015|0|000024|0|OLAYA 2
13|  3|000637|000027|1|000030|1|000024|0|000028|0|LIBERTADOR
13|  3|000638|000022|1|000030|1|000027|0|000033|0|SANTANDER
13|  3|000639|000022|1|000030|1|000033|0|000036|0|SAN JORGE CENTRAL
13|  3|000640|000023|1|000027|1|000020|0|000027|0|CENTENARIO
13|  3|000641|000023|1|000027|1|000015|0|000019|0|OLAYA 1
13|003|000705|000049|1|000050|1|000016|0|000010|0|EL CONSUELO
13|003|000706|000048|1|000050|1|000006|0|000010|0|MOLINOS SUR
13|003|000707|000048|1|000049|1|000006|0|000010|0|PROVIDENCIA ALTA
13|003|000708|000048|1|000050|1|000001|0|000005|0|MARRUECOS
13|003|000709|000045|1|000048|1|000001|0|000005|0|BOCHICA
13|003|000710|000048|1|000050|1|000001|0|000005|0|MOLINOS II
14|  0|000000|000000|0|000000|0|000000|0|000000|0|CUADRANTE CATORCE
14|  1|000000|000022|1|000036|1|000001|0|000014|0|CELULA UNO
14|  1|000642|000020|1|000027|1|000013|0|000015|0|SAN JOSE
14|  1|000643|000020|1|000027|1|000010|0|000013|0|SOCIEGO
14|  1|000644|000021|1|000027|1|000006|0|000010|0|20 DE JULIO
14|  1|000645|000020|1|000027|1|000001|0|000006|0|GRANADA
14|  1|000646|000020|1|000027|1|000001|0|000003|0|MONTE BELLO
14|  1|000647|000013|1|000018|1|000004|1|000009|1|SAN CRISTOBAL
14|  1|000648|000018|1|000026|1|000004|1|000010|1|SAN BLAS
14|  1|000649|000021|1|000028|1|000005|1|000010|1|SAN PEDRO
14|  1|000650|000028|1|000031|1|000011|1|000013|1|RAMAJAL
14|  1|000651|000027|1|000032|1|000001|1|000003|1|BELLO HORIZONTE
14|  1|000652|000032|1|000036|1|000001|1|000004|1|ATENAS
14|  1|000653|000027|1|000032|1|000001|0|000003|0|CORDOBA
14|  1|000654|000032|1|000036|1|000001|0|000006|0|VILLA ALPES
14|  1|000655|000027|1|000030|1|000006|0|000010|0|20 DE JULIO
14|  1|000656|000030|1|000036|1|000006|0|000010|0|SAN ISIDRO
14|  1|000657|000036|1|000040|1|000006|0|000010|0|MANAGUA
14|  1|000658|000027|1|000031|1|000010|0|000012|0|COUNTRY SUR
14|  1|000659|000031|1|000036|1|000010|0|000012|0|PIJAOS
14|  1|000661|000027|1|000030|1|000013|0|000015|0|GUSTAVO RESTREPO
14|  1|000662|000030|1|000033|1|000013|0|000015|0|SAN PABLO
14|  2|000000|000036|1|000050|1|000010|0|000014|0|CELULA DOS
14|  2|000660|000036|1|000040|1|000012|0|000013|0|LOMAS
14|  2|000663|000033|1|000038|1|000013|0|000015|0|PESEBRE
14|  2|000664|000032|1|000036|1|000013|0|000014|0|COLINAS
14|  2|000665|000038|1|000039|1|000013|0|000015|0|GRANJAS SAN PABLO
14|  2|000666|000045|1|000048|1|000008|0|000014|0|MARCO FIDEL SUAREZ
14|  2|000667|000045|1|000049|1|000014|0|000019|0|SAN JORGE SUR
14|  3|000000|000050|1|000060|1|000001|0|000010|0|CELULA TRES
14|  3|000668|000051|1|000058|1|000006|0|000016|0|TUNJUELITO
14|001|000740|000026|1|000032|1|000004|1|000006|1|SANTA INES
14|001|000741|000033|1|000036|1|000004|1|000006|1|SAN VICENTE SUR ORIE
14|003|000704|000067|1|000070|1|000017|0|000018|0|LUCERO
15|  0|000000|000000|0|000000|0|000000|0|000000|0|CUADRANTE QUINCE
15|  1|000000|000046|1|000061|1|000110|0|000125|0|CELULA UNO
15|  1|000669|000055|1|000059|1|000114|0|000120|0|CIUDADELA RECREO
15|  1|000670|000054|1|000059|1|000112|0|000114|0|SANTA BARBARA
15|  1|000671|000055|1|000059|1|000107|0|000112|0|SANTA FE
15|  2|000000|000046|1|000061|1|000095|0|000110|0|CELULA DOS
15|  2|000672|000048|1|000055|1|000106|0|000110|0|LOS COMUNEROS
15|  2|000673|000048|1|000055|1|000104|0|000106|0|BRASILIA
15|  2|000674|000048|1|000055|1|000096|0|000104|0|BETANIA
15|  2|000675|000054|1|000061|1|000106|0|000110|0|CABAN~A
15|  2|000676|000055|1|000057|1|000097|0|000106|0|HOLANDA
15|  2|000677|000057|1|000060|1|000098|0|000106|0|DANUBIO
15|  2|000678|000057|1|000058|1|000096|0|000098|0|ESCOCIA
15|  2|000679|000058|1|000062|1|000095|0|000104|0|BOSA LINDA
15|  3|000000|000061|1|000078|1|000090|0|000110|0|CELULA TRES
15|  3|000680|000060|1|000069|1|000100|0|000106|0|LA LIBERTAD
15|  3|000681|000063|1|000071|1|000103|0|000105|0|SAN ANTONIO
15|  3|000682|000071|1|000072|1|000100|0|000104|0|EL PROGRESO
15|  3|000683|000069|1|000078|1|000100|0|000105|0|SAN BERNARDINO
15|  3|000684|000062|1|000070|1|000097|0|000100|0|BOSA NOVA
16|  0|000000|000000|0|000000|0|000000|0|000000|0|CUADRANTE DIECISEIS
16|  1|000000|000060|1|000068|1|000077|0|000090|0|CELULA UNO
16|  1|000685|000070|1|000074|1|000090|0|000094|0|GRAN COLOMBIANO
16|  1|000686|000070|1|000075|1|000088|0|000090|0|LAURELES
16|  1|000687|000072|1|000074|1|000078|0|000088|0|LOS LAURELES
16|  1|000688|000069|1|000072|1|000084|0|000089|0|LOS NARANJOS
16|  1|000691|000070|1|000072|1|000078|0|000084|0|NUEVA GRANADA
16|  1|000692|000071|1|000074|1|000076|0|000084|0|EL PALMAR
16|  1|000693|000069|1|000070|1|000078|0|000085|0|SAN PABLO
16|  1|000695|000069|1|000070|1|000077|0|000078|0|LA DESPENSA
16|  1|000696|000066|1|000069|1|000077|0|000078|0|LA AZUCENA
16|  2|000000|000068|1|000090|1|000077|0|000090|0|CELULA DOS
16|  2|000689|000064|1|000070|1|000089|0|000090|0|PALESTINA
16|  2|000690|000062|1|000069|1|000085|0|000089|0|PIAMONTE
16|  2|000694|000061|1|000065|1|000084|0|000086|0|JIMENEZ DE QUESADA
16|  2|000697|000061|1|000065|0|000077|0|000078|0|LA ESTACION
16|  2|000698|000061|1|000065|1|000078|0|000084|0|LA AMISTAD
16|  2|000699|000059|1|000060|0|000082|0|000086|0|JOSE ANTONIO GALAN
16|  2|000700|000059|1|000060|1|000078|0|000082|0|VILLA NORA
16|  2|000701|000059|1|000060|1|000077|0|000078|0|LA AMISTAD
16|  2|000702|000059|1|000060|1|000086|0|000090|0|BOMBEROS BOSA
17|001|000714|000069|1|000075|1|000001|0|000010|0|LA AURORA
17|001|000715|000075|1|000082|1|000001|1|000010|1|LAS QUINTAS
17|001|000716|000082|1|000089|1|000001|0|000010|0|MARICHUELA
17|001|000717|000089|1|000096|1|000001|0|000010|0|VALLE D CAFAM
17|001|000718|000096|1|000110|1|000001|1|000010|1|MONTEBLANCO
17|001|000719|000096|1|000130|1|000001|1|000005|1|ANTONIO J. SUCRE
17|001|000720|000092|1|000096|1|000001|1|000005|1|EL VIRREY-COMUNEROS
17|001|000721|000089|1|000092|1|000001|1|000005|1|CHUNIZA-BELLAVISTA
17|001|000722|000082|1|000089|1|000001|1|000010|1|YOMASA-VILLA ANDREA
17|001|000723|000082|1|000089|1|000010|1|000020|1|BETANIA
17|001|000724|000076|1|000082|1|000001|1|000010|1|SANTA LIBRADA
17|001|000725|000072|1|000076|1|000001|1|000010|1|BARRANQUILLITA
17|001|000726|000069|1|000072|1|000001|1|000010|1|SANTA MARTHA
17|001|000727|000069|1|000082|1|000010|1|000030|1|ALTOS DE YOMASA
17|001|000728|000082|1|000092|1|000020|1|000030|1|COMPOSTELA
17|001|000729|000092|1|000110|1|000005|1|000030|1|EL UVAL
99|009|000888|000280|0|000295|0|000030|1|000039|1|prueba oscar ocampo
99|999|000998|000381|1|000400|1|000001|0|000010|0|PRUEBA SUR
99|999|000999|000381|0|000400|0|000001|0|000010|0|PRUEBAS
